image: /home/rb/catkin_ws/src/robo_sim/maps/gmap.pgm
resolution: 0.100000
origin: [-100.000000, -100.000000, 0.000000]
negate: 0
occupied_thresh: 0.65
free_thresh: 0.196

